	x		e^x		(e^x)'
      0.00	      1.00	      1.01
      0.01	      1.01	      1.02
      0.02	      1.02	      1.03
      0.03	      1.03	      1.04
      0.04	      1.04	      1.05
      0.05	      1.05	      1.06
      0.06	      1.06	      1.07
      0.07	      1.07	      1.08
      0.08	      1.08	      1.09
      0.09	      1.09	      1.10
      0.10	      1.11	      1.11
      0.11	      1.12	      1.12
      0.12	      1.13	      1.13
      0.13	      1.14	      1.14
      0.14	      1.15	      1.16
      0.15	      1.16	      1.17
      0.16	      1.17	      1.18
      0.17	      1.19	      1.19
      0.18	      1.20	      1.20
      0.19	      1.21	      1.22
      0.20	      1.22	      1.23
      0.21	      1.23	      1.24
      0.22	      1.25	      1.25
      0.23	      1.26	      1.26
      0.24	      1.27	      1.28
      0.25	      1.28	      1.29
      0.26	      1.30	      1.30
      0.27	      1.31	      1.32
      0.28	      1.32	      1.33
      0.29	      1.34	      1.34
      0.30	      1.35	      1.36
      0.31	      1.36	      1.37
      0.32	      1.38	      1.38
      0.33	      1.39	      1.40
      0.34	      1.40	      1.41
      0.35	      1.42	      1.43
      0.36	      1.43	      1.44
      0.37	      1.45	      1.45
      0.38	      1.46	      1.47
      0.39	      1.48	      1.48
      0.40	      1.49	      1.50
      0.41	      1.51	      1.51
      0.42	      1.52	      1.53
      0.43	      1.54	      1.54
      0.44	      1.55	      1.56
      0.45	      1.57	      1.58
      0.46	      1.58	      1.59
      0.47	      1.60	      1.61
      0.48	      1.62	      1.62
      0.49	      1.63	      1.64
      0.50	      1.65	      1.66
      0.51	      1.67	      1.67
      0.52	      1.68	      1.69
      0.53	      1.70	      1.71
      0.54	      1.72	      1.72
      0.55	      1.73	      1.74
      0.56	      1.75	      1.76
      0.57	      1.77	      1.78
      0.58	      1.79	      1.79
      0.59	      1.80	      1.81
      0.60	      1.82	      1.83
      0.61	      1.84	      1.85
      0.62	      1.86	      1.87
      0.63	      1.88	      1.89
      0.64	      1.90	      1.91
      0.65	      1.92	      1.93
      0.66	      1.93	      1.94
      0.67	      1.95	      1.96
      0.68	      1.97	      1.98
      0.69	      1.99	      2.00
      0.70	      2.01	      2.02
      0.71	      2.03	      2.04
      0.72	      2.05	      2.06
      0.73	      2.08	      2.09
      0.74	      2.10	      2.11
      0.75	      2.12	      2.13
      0.76	      2.14	      2.15
      0.77	      2.16	      2.17
      0.78	      2.18	      2.19
      0.79	      2.20	      2.21
      0.80	      2.23	      2.24
      0.81	      2.25	      2.26
      0.82	      2.27	      2.28
      0.83	      2.29	      2.30
      0.84	      2.32	      2.33
      0.85	      2.34	      2.35
      0.86	      2.36	      2.38
      0.87	      2.39	      2.40
      0.88	      2.41	      2.42
      0.89	      2.44	      2.45
      0.90	      2.46	      2.47
      0.91	      2.48	      2.50
      0.92	      2.51	      2.52
      0.93	      2.53	      2.55
      0.94	      2.56	      2.57
      0.95	      2.59	      2.60
      0.96	      2.61	      2.62
      0.97	      2.64	      2.65
      0.98	      2.66	      2.68
      0.99	      2.69	      2.70
      1.00	      2.72	      2.73
      1.01	      2.75	      2.76
      1.02	      2.77	      2.79
      1.03	      2.80	      2.82
      1.04	      2.83	      2.84
      1.05	      2.86	      2.87
      1.06	      2.89	      2.90
      1.07	      2.92	      2.93
      1.08	      2.94	      2.96
      1.09	      2.97	      2.99
      1.10	      3.00	      3.02
      1.11	      3.03	      3.05
      1.12	      3.06	      3.08
      1.13	      3.10	      3.11
      1.14	      3.13	      3.14
      1.15	      3.16	      3.17
      1.16	      3.19	      3.21
      1.17	      3.22	      3.24
      1.18	      3.25	      3.27
      1.19	      3.29	      3.30
      1.20	      3.32	      3.34
      1.21	      3.35	      3.37
      1.22	      3.39	      3.40
      1.23	      3.42	      3.44
      1.24	      3.46	      3.47
      1.25	      3.49	      3.51
      1.26	      3.53	      3.54
      1.27	      3.56	      3.58
      1.28	      3.60	      3.61
      1.29	      3.63	      3.65
      1.30	      3.67	      3.69
      1.31	      3.71	      3.72
      1.32	      3.74	      3.76
      1.33	      3.78	      3.80
      1.34	      3.82	      3.84
      1.35	      3.86	      3.88
      1.36	      3.90	      3.92
      1.37	      3.94	      3.96
      1.38	      3.97	      3.99
      1.39	      4.01	      4.03
      1.40	      4.06	      4.08
      1.41	      4.10	      4.12
      1.42	      4.14	      4.16
      1.43	      4.18	      4.20
      1.44	      4.22	      4.24
      1.45	      4.26	      4.28
      1.46	      4.31	      4.33
      1.47	      4.35	      4.37
      1.48	      4.39	      4.41
      1.49	      4.44	      4.46
      1.50	      4.48	      4.50
      1.51	      4.53	      4.55
      1.52	      4.57	      4.60
      1.53	      4.62	      4.64
      1.54	      4.66	      4.69
      1.55	      4.71	      4.74
      1.56	      4.76	      4.78
      1.57	      4.81	      4.83
      1.58	      4.85	      4.88
      1.59	      4.90	      4.93
      1.60	      4.95	      4.98
      1.61	      5.00	      5.03
      1.62	      5.05	      5.08
      1.63	      5.10	      5.13
      1.64	      5.16	      5.18
      1.65	      5.21	      5.23
      1.66	      5.26	      5.29
      1.67	      5.31	      5.34
      1.68	      5.37	      5.39
      1.69	      5.42	      5.45
      1.70	      5.47	      5.50
      1.71	      5.53	      5.56
      1.72	      5.58	      5.61
      1.73	      5.64	      5.67
      1.74	      5.70	      5.73
      1.75	      5.75	      5.78
      1.76	      5.81	      5.84
      1.77	      5.87	      5.90
      1.78	      5.93	      5.96
      1.79	      5.99	      6.02
      1.80	      6.05	      6.08
      1.81	      6.11	      6.14
      1.82	      6.17	      6.20
      1.83	      6.23	      6.27
      1.84	      6.30	      6.33
      1.85	      6.36	      6.39
      1.86	      6.42	      6.46
      1.87	      6.49	      6.52
      1.88	      6.55	      6.59
      1.89	      6.62	      6.65
      1.90	      6.69	      6.72
      1.91	      6.75	      6.79
      1.92	      6.82	      6.86
      1.93	      6.89	      6.92
      1.94	      6.96	      6.99
      1.95	      7.03	      7.06
      1.96	      7.10	      7.13
      1.97	      7.17	      7.21
      1.98	      7.24	      7.28
      1.99	      7.32	      7.35
      2.00	      7.39	      7.43
      2.01	      7.46	      7.50
      2.02	      7.54	      7.58
      2.03	      7.61	      7.65
      2.04	      7.69	      7.73
      2.05	      7.77	      7.81
      2.06	      7.85	      7.89
      2.07	      7.92	      7.96
      2.08	      8.00	      8.04
      2.09	      8.08	      8.13
      2.10	      8.17	      8.21
      2.11	      8.25	      8.29
      2.12	      8.33	      8.37
      2.13	      8.41	      8.46
      2.14	      8.50	      8.54
      2.15	      8.58	      8.63
      2.16	      8.67	      8.71
      2.17	      8.76	      8.80
      2.18	      8.85	      8.89
      2.19	      8.94	      8.98
      2.20	      9.02	      9.07
      2.21	      9.12	      9.16
      2.22	      9.21	      9.25
      2.23	      9.30	      9.35
      2.24	      9.39	      9.44
      2.25	      9.49	      9.54
      2.26	      9.58	      9.63
      2.27	      9.68	      9.73
      2.28	      9.78	      9.83
      2.29	      9.87	      9.92
      2.30	      9.97	     10.02
      2.31	     10.07	     10.12
      2.32	     10.18	     10.23
      2.33	     10.28	     10.33
      2.34	     10.38	     10.43
      2.35	     10.49	     10.54
      2.36	     10.59	     10.64
      2.37	     10.70	     10.75
      2.38	     10.80	     10.86
      2.39	     10.91	     10.97
      2.40	     11.02	     11.08
      2.41	     11.13	     11.19
      2.42	     11.25	     11.30
      2.43	     11.36	     11.42
      2.44	     11.47	     11.53
      2.45	     11.59	     11.65
      2.46	     11.70	     11.76
      2.47	     11.82	     11.88
      2.48	     11.94	     12.00
      2.49	     12.06	     12.12
      2.50	     12.18	     12.24
      2.51	     12.30	     12.37
      2.52	     12.43	     12.49
      2.53	     12.55	     12.62
      2.54	     12.68	     12.74
      2.55	     12.81	     12.87
      2.56	     12.94	     13.00
      2.57	     13.07	     13.13
      2.58	     13.20	     13.26
      2.59	     13.33	     13.40
      2.60	     13.46	     13.53
      2.61	     13.60	     13.67
      2.62	     13.74	     13.80
      2.63	     13.87	     13.94
      2.64	     14.01	     14.08
      2.65	     14.15	     14.23
      2.66	     14.30	     14.37
      2.67	     14.44	     14.51
      2.68	     14.59	     14.66
      2.69	     14.73	     14.81
      2.70	     14.88	     14.95
      2.71	     15.03	     15.10
      2.72	     15.18	     15.26
      2.73	     15.33	     15.41
      2.74	     15.49	     15.56
      2.75	     15.64	     15.72
      2.76	     15.80	     15.88
      2.77	     15.96	     16.04
      2.78	     16.12	     16.20
      2.79	     16.28	     16.36
      2.80	     16.44	     16.53
      2.81	     16.61	     16.69
      2.82	     16.78	     16.86
      2.83	     16.95	     17.03
      2.84	     17.12	     17.20
      2.85	     17.29	     17.37
      2.86	     17.46	     17.55
      2.87	     17.64	     17.73
      2.88	     17.81	     17.90
      2.89	     17.99	     18.08
      2.90	     18.17	     18.27
      2.91	     18.36	     18.45
      2.92	     18.54	     18.63
      2.93	     18.73	     18.82
      2.94	     18.92	     19.01
      2.95	     19.11	     19.20
      2.96	     19.30	     19.39
      2.97	     19.49	     19.59
      2.98	     19.69	     19.79
      2.99	     19.89	     19.99
      3.00	     20.09	     20.19
      3.01	     20.29	     20.39
      3.02	     20.49	     20.59
      3.03	     20.70	     20.80
      3.04	     20.91	     21.01
      3.05	     21.12	     21.22
      3.06	     21.33	     21.43
      3.07	     21.54	     21.65
      3.08	     21.76	     21.87
      3.09	     21.98	     22.09
      3.10	     22.20	     22.31
      3.11	     22.42	     22.53
      3.12	     22.65	     22.76
      3.13	     22.87	     22.99
      3.14	     23.10	     23.22
      3.15	     23.34	     23.45
      3.16	     23.57	     23.69
      3.17	     23.81	     23.93
      3.18	     24.05	     24.17
      3.19	     24.29	     24.41
      3.20	     24.53	     24.66
      3.21	     24.78	     24.90
      3.22	     25.03	     25.15
      3.23	     25.28	     25.41
      3.24	     25.53	     25.66
      3.25	     25.79	     25.92
      3.26	     26.05	     26.18
      3.27	     26.31	     26.44
      3.28	     26.58	     26.71
      3.29	     26.84	     26.98
      3.30	     27.11	     27.25
      3.31	     27.39	     27.52
      3.32	     27.66	     27.80
      3.33	     27.94	     28.08
      3.34	     28.22	     28.36
      3.35	     28.50	     28.65
      3.36	     28.79	     28.93
      3.37	     29.08	     29.22
      3.38	     29.37	     29.52
      3.39	     29.67	     29.81
      3.40	     29.96	     30.11
      3.41	     30.27	     30.42
      3.42	     30.57	     30.72
      3.43	     30.88	     31.03
      3.44	     31.19	     31.34
      3.45	     31.50	     31.66
      3.46	     31.82	     31.98
      3.47	     32.14	     32.30
      3.48	     32.46	     32.62
      3.49	     32.79	     32.95
      3.50	     33.12	     33.28
      3.51	     33.45	     33.62
      3.52	     33.78	     33.95
      3.53	     34.12	     34.30
      3.54	     34.47	     34.64
      3.55	     34.81	     34.99
      3.56	     35.16	     35.34
      3.57	     35.52	     35.69
      3.58	     35.87	     36.05
      3.59	     36.23	     36.42
      3.60	     36.60	     36.78
      3.61	     36.97	     37.15
      3.62	     37.34	     37.52
      3.63	     37.71	     37.90
      3.64	     38.09	     38.28
      3.65	     38.47	     38.67
      3.66	     38.86	     39.06
      3.67	     39.25	     39.45
      3.68	     39.65	     39.85
      3.69	     40.04	     40.25
      3.70	     40.45	     40.65
      3.71	     40.85	     41.06
      3.72	     41.26	     41.47
      3.73	     41.68	     41.89
      3.74	     42.10	     42.31
      3.75	     42.52	     42.73
      3.76	     42.95	     43.16
      3.77	     43.38	     43.60
      3.78	     43.82	     44.04
      3.79	     44.26	     44.48
      3.80	     44.70	     44.93
      3.81	     45.15	     45.38
      3.82	     45.60	     45.83
      3.83	     46.06	     46.29
      3.84	     46.53	     46.76
      3.85	     46.99	     47.23
      3.86	     47.47	     47.70
      3.87	     47.94	     48.18
      3.88	     48.42	     48.67
      3.89	     48.91	     49.16
      3.90	     49.40	     49.65
      3.91	     49.90	     50.15
      3.92	     50.40	     50.65
      3.93	     50.91	     51.16
      3.94	     51.42	     51.68
      3.95	     51.94	     52.20
      3.96	     52.46	     52.72
      3.97	     52.98	     53.25
      3.98	     53.52	     53.79
      3.99	     54.05	     54.33
      4.00	     54.60	     54.87
      4.01	     55.15	     55.42
      4.02	     55.70	     55.98
      4.03	     56.26	     56.54
      4.04	     56.83	     57.11
      4.05	     57.40	     57.69
      4.06	     57.97	     58.27
      4.07	     58.56	     58.85
      4.08	     59.15	     59.44
      4.09	     59.74	     60.04
      4.10	     60.34	     60.64
      4.11	     60.95	     61.25
      4.12	     61.56	     61.87
      4.13	     62.18	     62.49
      4.14	     62.80	     63.12
      4.15	     63.43	     63.75
      4.16	     64.07	     64.39
      4.17	     64.72	     65.04
      4.18	     65.37	     65.70
      4.19	     66.02	     66.36
      4.20	     66.69	     67.02
      4.21	     67.36	     67.70
      4.22	     68.03	     68.38
      4.23	     68.72	     69.06
      4.24	     69.41	     69.76
      4.25	     70.11	     70.46
      4.26	     70.81	     71.17
      4.27	     71.52	     71.88
      4.28	     72.24	     72.60
      4.29	     72.97	     73.33
      4.30	     73.70	     74.07
      4.31	     74.44	     74.82
      4.32	     75.19	     75.57
      4.33	     75.94	     76.33
      4.34	     76.71	     77.09
      4.35	     77.48	     77.87
      4.36	     78.26	     78.65
      4.37	     79.04	     79.44
      4.38	     79.84	     80.24
      4.39	     80.64	     81.05
      4.40	     81.45	     81.86
      4.41	     82.27	     82.68
      4.42	     83.10	     83.52
      4.43	     83.93	     84.35
      4.44	     84.78	     85.20
      4.45	     85.63	     86.06
      4.46	     86.49	     86.92
      4.47	     87.36	     87.80
      4.48	     88.24	     88.68
      4.49	     89.12	     89.57
      4.50	     90.02	     90.47
      4.51	     90.92	     91.38
      4.52	     91.84	     92.30
      4.53	     92.76	     93.23
      4.54	     93.69	     94.16
      4.55	     94.63	     95.11
      4.56	     95.58	     96.07
      4.57	     96.55	     97.03
      4.58	     97.52	     98.01
      4.59	     98.50	     98.99
      4.60	     99.49	     99.99
      4.61	    100.49	    100.99
      4.62	    101.50	    102.01
      4.63	    102.52	    103.03
      4.64	    103.55	    104.07
      4.65	    104.59	    105.11
      4.66	    105.64	    106.17
      4.67	    106.70	    107.24
      4.68	    107.77	    108.31
      4.69	    108.85	    109.40
      4.70	    109.95	    110.50
      4.71	    111.05	    111.61
      4.72	    112.17	    112.74
      4.73	    113.30	    113.87
      4.74	    114.44	    115.01
      4.75	    115.59	    116.17
      4.76	    116.75	    117.34
      4.77	    117.92	    118.52
      4.78	    119.11	    119.71
      4.79	    120.30	    120.91
      4.80	    121.51	    122.12
      4.81	    122.73	    123.35
      4.82	    123.97	    124.59
      4.83	    125.21	    125.84
      4.84	    126.47	    127.11
      4.85	    127.74	    128.39
      4.86	    129.03	    129.68
      4.87	    130.32	    130.98
      4.88	    131.63	    132.30
      4.89	    132.96	    133.63
      4.90	    134.29	    134.97
      4.91	    135.64	    136.33
      4.92	    137.01	    137.70
      4.93	    138.38	    139.08
      4.94	    139.77	    140.48
      4.95	    141.18	    141.89
      4.96	    142.60	    143.32
      4.97	    144.03	    144.76
      4.98	    145.48	    146.21
      4.99	    146.94	    147.68
      5.00	    148.42	    149.16
      5.01	    149.91	    150.66
      5.02	    151.41	    152.18
      5.03	    152.94	    153.71
      5.04	    154.47	    155.25
      5.05	    156.03	    156.81
      5.06	    157.59	    158.39
      5.07	    159.18	    159.98
      5.08	    160.78	    161.59
      5.09	    162.39	    163.21
      5.10	    164.03	    164.85
      5.11	    165.67	    166.51
      5.12	    167.34	    168.18
      5.13	    169.02	    169.87
      5.14	    170.72	    171.58
      5.15	    172.44	    173.30
      5.16	    174.17	    175.05
      5.17	    175.92	    176.81
      5.18	    177.69	    178.58
      5.19	    179.47	    180.38
      5.20	    181.28	    182.19
      5.21	    183.10	    184.02
      5.22	    184.94	    185.87
      5.23	    186.80	    187.74
      5.24	    188.67	    189.63
      5.25	    190.57	    191.53
      5.26	    192.49	    193.46
      5.27	    194.42	    195.40
      5.28	    196.37	    197.36
      5.29	    198.35	    199.35
      5.30	    200.34	    201.35
      5.31	    202.36	    203.38
      5.32	    204.39	    205.42
      5.33	    206.44	    207.48
      5.34	    208.52	    209.57
      5.35	    210.61	    211.68
      5.36	    212.73	    213.80
      5.37	    214.87	    215.95
      5.38	    217.03	    218.12
      5.39	    219.21	    220.31
      5.40	    221.41	    222.53
      5.41	    223.64	    224.77
      5.42	    225.89	    227.02
      5.43	    228.16	    229.31
      5.44	    230.45	    231.61
      5.45	    232.77	    233.94
      5.46	    235.10	    236.29
      5.47	    237.47	    238.66
      5.48	    239.85	    241.06
      5.49	    242.26	    243.49
      5.50	    244.70	    245.93
      5.51	    247.16	    248.40
      5.52	    249.64	    250.90
      5.53	    252.15	    253.42
      5.54	    254.69	    255.97
      5.55	    257.25	    258.54
      5.56	    259.83	    261.14
      5.57	    262.44	    263.77
      5.58	    265.08	    266.42
      5.59	    267.74	    269.09
      5.60	    270.44	    271.80
      5.61	    273.15	    274.53
      5.62	    275.90	    277.29
      5.63	    278.67	    280.08
      5.64	    281.47	    282.89
      5.65	    284.30	    285.73
      5.66	    287.16	    288.61
      5.67	    290.04	    291.51
      5.68	    292.96	    294.44
      5.69	    295.90	    297.40
      5.70	    298.88	    300.38
      5.71	    301.88	    303.40
      5.72	    304.92	    306.45
      5.73	    307.98	    309.53
      5.74	    311.08	    312.64
      5.75	    314.20	    315.79
      5.76	    317.36	    318.96
      5.77	    320.55	    322.17
      5.78	    323.77	    325.40
      5.79	    327.03	    328.67
      5.80	    330.31	    331.98
      5.81	    333.63	    335.31
      5.82	    336.98	    338.68
      5.83	    340.37	    342.09
      5.84	    343.79	    345.53
      5.85	    347.25	    349.00
      5.86	    350.74	    352.51
      5.87	    354.26	    356.05
      5.88	    357.82	    359.63
      5.89	    361.42	    363.24
      5.90	    365.05	    366.89
      5.91	    368.72	    370.58
      5.92	    372.43	    374.30
      5.93	    376.17	    378.07
      5.94	    379.95	    381.87
      5.95	    383.77	    385.70
      5.96	    387.63	    389.58
      5.97	    391.52	    393.50
      5.98	    395.46	    397.45
      5.99	    399.43	    401.44
      6.00	    403.45	    405.48
      6.01	    407.50	    409.55
      6.02	    411.60	    413.67
      6.03	    415.73	    417.83
      6.04	    419.91	    422.03
      6.05	    424.13	    426.27
      6.06	    428.39	    430.55
      6.07	    432.70	    434.88
      6.08	    437.05	    439.25
      6.09	    441.44	    443.67
      6.10	    445.88	    448.12
      6.11	    450.36	    452.63
      6.12	    454.89	    457.18
      6.13	    459.46	    461.77
      6.14	    464.07	    466.41
      6.15	    468.74	    471.10
      6.16	    473.45	    475.84
      6.17	    478.21	    480.62
      6.18	    483.01	    485.45
      6.19	    487.87	    490.33
      6.20	    492.77	    495.26
      6.21	    497.72	    500.23
      6.22	    502.73	    505.26
      6.23	    507.78	    510.34
      6.24	    512.88	    515.47
      6.25	    518.04	    520.65
      6.26	    523.24	    525.88
      6.27	    528.50	    531.17
